S
0.09914750645213083;
0.10182215125347316;
0.10702802443046529;
0.09705058233656055;
0.09869882087280094;
0.10167983895266018;
0.10387375928529642;
0.10913329266633644;
0.09721931055073266;
0.11807489226479512;
0.11271834973441335;
0.10522490387657324;
0.09201466394345907;
0.08950418699243165;
0.09016635580771368;
0.11415785053776674;
0.09170502349490374;
0.09048615414783699;
0.10198833175848053;
0.10787994829406809;
0.06355122708233296;
0.098849458146286;
0.07342527226928958;
0.09063638876125599;
0.09832922413789291;
0.12746559621661238;
0.10468144686135859;
0.08534133650881276;
0.08833587731968243;
0.1075929786167995;
0.09594217453982497;
0.0967223863334564;
0.09412463509082981;
0.09115084791800065;
0.10067535329026242;
0.10414934303182231;
0.09518110712189916;
0.09983757008089086;
0.09738458446213433;
0.10009094442681378;
0.11132714174705288;
0.10104723707986331;
0.09960642038604936;
0.09462206202871205;
0.11872371506213723;
0.09962094227973983;
0.10682068879989157;
0.09718294436056547;
0.10054003415460473;
0.08897744157995273;
0.09561029391001652;
0.0888913496205656;
0.09768219280273109;
0.08813047487776773;
0.10304172160007569;
0.09211551081798394;
0.11968623314880752;
0.07664740809577014;
0.09711854098694353;
0.10303614561534367;
0.09634534965519116;
0.10963751671071821;
0.11752496200287627;
0.10322504899282002;
0.09777868372379293;
0.0990621743058447;
0.09968021993074883;
0.10783051027239308;
0.098737507668843;
0.08465853802417447;
0.0954310452489224;
0.09109372158542765;
0.0984583127040812;
0.10674337121826497;
0.09014491740626553;
0.09720444413818513;
0.10904435016402912;
0.10241930920608248;
0.11334596908847838;
0.11062398952566899;
0.10236436413036794;
0.10657951124671676;
0.1016630057083577;
0.10072746025868261;
0.08369474627940798;
0.09637830545081812;
0.09203636742055064;
0.10453290124956102;
0.09613244896416573;
0.11140101749580958;
0.07908560424899261;
0.0903352268332375;
0.11375453832798114;
0.10098195513000757;
0.08991466838800942;
0.10031805486748058;
0.09066811635186157;
0.10217670898903784;
0.08785744082742213;
0.10536208262458951;
0.11000802327540984;
0.09532109834340005;
0.10179064790686343;
0.09459335160447073;
0.1010582646118706;
0.0810246498560936;
0.11800593020714856;
0.10394050836392996;
0.11308959522415202;
0.08903062028252251;
0.09471486483957535;
0.09230639630648299;
0.08558683823007675;
0.09687633610154836;
0.10833107872434501;
0.09893080635571475;
0.09339000765387673;
0.09630708182895895;
0.11018487521058244;
0.09006319497685934;
0.11739748151646827;
0.08248493607076374;
0.09329436946616906;
0.08907975159696435;
0.08739768001045846;
0.09667538070259152;
0.10565207245417352;
0.09285973273376641;
0.09193951914244447;
0.0925417299428533;
0.08904774015642059;
0.08750484408641915;
0.11292672559652978;
0.08933795547829311;
0.11200851576265895;
0.085981382282352;
0.1025981551846343;
0.09601228088952991;
0.10366583232044144;
0.1027487805296706;
0.09203041493801296;
0.09591621423201631;
0.08677454076079684;
0.1128949897879501;
0.0985349814476241;
0.1053976119324346;
0.0938090329099513;
0.09852726005404822;
0.1103998555989337;
0.08872300082326334;
0.11629112526422314;
0.09005439648834389;
0.10766979071376755;
0.08277254096941114;
0.09030105011732023;
0.0971531524299434;
0.10498746282009917;
0.09647586144941744;
0.09226304906415507;
0.09717775606230424;
0.10999104442891726;
0.10565537585166997;
0.09766320630446264;
0.10625758217525406;
0.10282153897210963;
0.10223219962084805;
0.10047723120482258;
0.10430931380492273;
0.08655086538761488;
0.09777699451397047;
0.09294342206374692;
0.09633204081767616;
0.1097602243973682;
0.0840010888182927;
0.10684934265432268;
0.11319996397114818;
0.11099660322736267;
0.0816568389235329;
0.0901073188637749;
0.10289937342252571;
0.10152609511530816;
0.10246338668680266;
0.0939203134584786;
0.08643208946341231;
0.09876003314374233;
0.10978918888404389;
0.1003110715021655;
0.10877987167858794;
0.09201400256488884;
0.09504560010498775;
0.09545619574182818;
0.08619955939598038;
0.09935483640850001;
0.08356239324304324;
0.11246974599672677;
0.08181942532540425;
0.10556500595788253;
0.10533336525503931;
0.09899255968990646;
0.09188638961215329;
0.11869582209508776;
0.09096981368103127;
0.10264674295511081;
0.07821147886348351;
0.09276562880231015;
0.09366050647107628;
0.10784436533851832;
0.10504447472151804;
0.09323651949228695;
0.09563385588863754;
0.11025975230553157;
0.10285435683804896;
0.0868437059024889;
0.08848389073139933;
0.10233431234477935;
0.10904736303287846;
0.09354140379729346;
0.10152779226961416;
0.11120823692310663;
0.09093751932844006;
0.08738955593031221;
0.09391603769031462;
0.10866557288286664;
0.10134427653544306;
0.11328960637364918;
0.11639471071244374;
0.10781116144691139;
0.10659684927345768;
0.080550119117123;
0.09598521681931596;
0.10289867421726254;
0.10369393127103599;
0.08727201568990013;
0.11530507333872117;
0.10249825413688565;
0.07705354806525809;
0.10151503392824672;
0.09773209231500268;
0.09500171771749513;
0.09883009704632241;
0.10260303823396742;
0.0965690096586551;
0.10504350553144651;
0.10096649723170326;
0.09734997377968777;
0.09728985220439956;
0.10029780144727603;
0.08771996309183196;
0.11995550824784174;
0.0898256821111149;
0.11157033959252895;
0.10937162364024854;
0.10418108007503583;
0.0991566607020796;
0.1017424313509986;
0.07917460984882647;
0.10278908409590208;
0.11728721983987113;
0.10125176247001584;
0.09706026404796725;
0.1046184099556823;
0.0842665398998921;
0.11590286355456031;
0.10328460343460526;
0.10025438183488311;
0.09551737118052428;
0.09922463726480044;
0.09582056647614512;
0.09909691746477467;
0.09147441122669203;
0.11338674350858602;
0.09895865731200239;
0.10315136774524697;
0.0915426903373985;
0.10861016254608592;
0.09922291126449702;
0.09244680178558057;
0.09389744131929839;
0.10206294060376148;
0.0933717476111027;
0.08909227088582639;
0.0946773669639884;
0.0994396256445722;
0.10544866878623933;
0.09721898505996858;
0.10448116559535053;
0.09247863273573537;
0.09565751039843187;
0.10625007890456839;
0.0923692740770002;
0.09369608070515127;
0.08471569525263072;
0.08614604235099935;
0.0954642272413486;
0.09842708050386748;
0.07957410794670411;
0.094107438869872;
0.09694714065555135;
0.10709663135449869;
0.0915116048127638;
0.09078346019522798;
0.11055066791800988;
0.08702009437024678;
0.09471818233340874;
0.1190335040658782;
0.09305018559930778;
0.09091515094627708;
0.08854124726854753;
0.09922738060269863;
0.10672460257433508;
0.10147891554441811;
0.09914518596360979;
0.09749179345702384;
0.09995368624971009;
0.08790568933942117;
0.10335012533099942;
0.09977866104202532;
0.07583665011446014;
0.10366541750904326;
0.10229295414380755;
0.0981992318437834;
0.10243032072145808;
0.09202035565421805;
0.08167571680175922;
0.090625345403028;
0.10045467219577753;
0.11110692180659744;
0.10325456378503893;
0.10260802389343021;
0.09957679729823032;
0.10160713875798359;
0.08517017401085636;
0.1067354466530577;
0.08977610073966526;
0.1003390677424682;
0.09075955351458798;
0.09434788497690148;
0.11082406815385808;
0.09654378120566637;
0.09972429000149492;
0.09931716954620885;
0.11134381535704668;
0.10044295921668729;
0.09419162753813312;
0.0932875411333631;
0.0963350677922154;
0.09577492960104493;
0.11702429284197263;
0.10242884548699464;
0.1038672913703026;
0.10544578690431745;
0.1138497642842695;
0.11150476095247447;
0.0963932656037548;
0.09131269535716105;
0.0952491218523546;
0.09254750895616372;
0.10487679157715253;
0.10308295185210878;
0.10557937412977922;
0.09524952934016236;
0.10739115721962898;
0.09780998847702052;
0.08251831058119245;
0.11058597366883814;
0.11192331862559415;
0.08262073848119114;
0.11654977056484293;
0.09142408887060037;
0.08760971851219432;
0.10739127964515373;
0.10504047356023992;
0.10556962144732537;
0.10151678953957041;
0.0959386771143693;
0.10104254449297562;
0.10019262161851605;
0.10383430777268475;
0.085535245067592;
0.10395122531824316;
0.10458234055333442;
0.09581711563307256;
0.09749683137750104;
0.09219106072769286;
0.10362609621781134;
0.09860153656987636;
0.10907091381124706;
0.09350688485127331;
0.08678449444971484;
0.08931503879725582;
0.09862583184158451;
0.09817491570874663;
0.10750972620739976;
0.10974377655770676;
0.09253543943193313;
0.10834168828820007;
0.10503398188542096;
0.10263186616692199;
0.1035092417925692;
0.10440206534949552;
F
S
0.103210378523002;
0.11374779165420276;
0.1049131010921119;
0.09819801748512479;
0.09594344983726932;
0.10006830402978142;
0.10337383025373961;
0.08889846828519186;
0.09901692515842535;
0.118774025594003;
0.09857195663884988;
0.11574021893847189;
0.11271465670125262;
0.10107375381310749;
0.08016420951527471;
0.10928441869604126;
0.09503841242430255;
0.11025957793756566;
0.09421438948367503;
0.12290248732151568;
0.10920351727339465;
0.08883766636258654;
0.08688455023113294;
0.11687372741858305;
0.10611070443102784;
0.11625530217412516;
0.08454959028212054;
0.10749779610489993;
0.10051569695922859;
0.09366201003452578;
0.1097608735334571;
0.10749996878787954;
0.09959499641803665;
0.10577814445353724;
0.08656475198638429;
0.1160373653249524;
0.0859537297322577;
0.10863374882126507;
0.09478539484891639;
0.10942042072840512;
0.09036892022976606;
0.11630249376351968;
0.0830959343442745;
0.10221424861422923;
0.09532816590969045;
0.11827156707417494;
0.11386025994858345;
0.1024789639737212;
0.09966457203201542;
0.12302037310614815;
0.08652752263258746;
0.11612049283295418;
0.10008189684815029;
0.13192228696236083;
0.12603976532099254;
0.10379821327004905;
0.09867980448067915;
0.10306568950866302;
0.09711221959541899;
0.09529075736266686;
0.121350670653358;
0.11845329542266779;
0.10082309619614735;
0.1000397743540604;
0.09869029099566927;
0.11550206027524175;
0.1112721365628961;
0.11028306306626337;
0.09343163819862381;
0.09642660035608479;
0.11603700900138686;
0.09599187904750302;
0.09350704086581206;
0.11067616539231623;
0.09484012392502907;
0.09599804735134164;
0.08581457694517611;
0.1326915815971557;
0.09333471289652182;
0.09861418100544958;
0.09956717027099286;
0.09512574215409532;
0.10205431296939922;
0.10266331720825081;
0.10056755579028291;
0.08975370136185479;
0.10349821822828824;
0.10947598254197902;
0.10204258976066287;
0.0903113343249457;
0.10592475308951609;
0.10586005107874688;
0.11735200446691654;
0.09977749715895964;
0.0953257555537777;
0.10093965085889459;
0.09971047352838285;
0.11616252921731697;
0.11338203395149325;
0.11647024679600142;
0.1200833010060042;
0.10603851112167792;
0.11586107561570651;
0.10131693891451098;
0.12809155259354094;
0.10232047653300655;
0.09935454176128886;
0.09017806343923458;
0.12339251728167185;
0.10018650663714324;
0.11548239322496981;
0.09887224484834432;
0.0926909959360431;
0.09718639994607454;
0.09520084284358016;
0.10742060424073191;
0.10795263890398485;
0.11049681554307197;
0.0893386655322526;
0.11409252994161204;
0.11172269331809964;
0.10435337381316385;
0.09389946831498551;
0.09178480350593625;
0.11184919993430018;
0.1098916701407304;
0.11094372673947055;
0.09515768636918048;
0.12178425296784524;
0.11377004076372892;
0.10316519603640627;
0.09764327301930668;
0.10997278416505707;
0.1000217617807404;
0.10353933743754941;
0.10981005152047114;
0.10105581940361709;
0.09631854477915108;
0.1116237000833695;
0.10189420602529776;
0.11346932791878352;
0.12808466317530914;
0.09738336615004234;
0.11296667726625029;
0.10188357196585225;
0.08546794383727811;
0.10339945804847046;
0.11029641514405447;
0.09064960953100304;
0.09584630938210802;
0.11659140845604078;
0.10817926522751331;
0.10608446994446616;
0.10277532278117506;
0.10243735981839654;
0.11684118707412641;
0.11383378090819984;
0.09055059107230126;
0.09222993733966217;
0.09962442399979193;
0.09678335842718415;
0.11252363863005112;
0.11556669278972542;
0.0918010328263515;
0.11712355755678747;
0.09338444333757245;
0.09155663049305438;
0.104675389868515;
0.0964642926556475;
0.11644229111527951;
0.11818223209391543;
0.1130828002127304;
0.10515430854593717;
0.08267033705952447;
0.1060222190664376;
0.10453828697028741;
0.09633089461954798;
0.11409990879823463;
0.11948521422081916;
0.11583016628690863;
0.10883732116843778;
0.09444936716338814;
0.11374856829039955;
0.1094377166932838;
0.10120091160063219;
0.10626571979153923;
0.11874611206637575;
0.11460447979407444;
0.09121996002973928;
0.09863981366419222;
0.11850198723472605;
0.10108789732266718;
0.0950184885681483;
0.12605891697928082;
0.10228538845645604;
0.09960058110719931;
0.09621332742382738;
0.11660131217500336;
0.10544679349943425;
0.1186841791644814;
0.1155648746875854;
0.117958859049274;
0.1084789740675968;
0.10214950641464124;
0.09498800682987966;
0.09243882521907829;
0.09811082382648376;
0.09727961247782523;
0.1447541677469134;
0.10435948011110706;
0.11869116949200115;
0.09870886696385969;
0.10923484763691424;
0.11688162870980152;
0.10518865662915466;
0.10082610171467513;
0.10152469776899432;
0.10332892915828382;
0.12076565311905056;
0.10913691244628511;
0.09293037462090731;
0.10884672990922817;
0.10473121188360458;
0.10302874550456319;
0.09293070813793189;
0.10887973013369161;
0.09575740487100072;
0.11189277924375737;
0.09536983331736912;
0.10357982265459972;
0.09617631592581667;
0.09703500939925147;
0.11682793871104986;
0.10017065120589534;
0.12333670368607934;
0.0915421899517335;
0.09141945983589096;
0.09380629147500093;
0.10312649322424283;
0.0965221368793072;
0.10430022619303589;
0.12289166531441267;
0.10139839762805719;
0.10741637173739223;
0.09517019169131906;
0.10931323793188981;
0.09979445403602939;
0.10443499435964476;
0.1273699284279302;
0.11157847895615734;
0.09694618089213555;
0.10259631873158279;
0.12203885050507056;
0.10678114311754817;
0.1050235411630609;
0.10050723086036861;
0.09773459942584697;
0.0941984788364498;
0.08659051394661713;
0.10064541137478929;
0.09908210085465259;
0.11523821234871676;
0.10811244068165916;
0.1118148071023312;
0.1092207967660556;
0.09815835172753265;
0.08465162212203722;
0.08847241836541693;
0.09449424053752653;
0.09292257188121184;
0.10258153084642253;
0.09824819615467287;
0.12893000956413592;
0.10499144400117784;
0.09433184404743769;
0.08988716305257732;
0.09507610765515372;
0.10237351724348183;
0.10081583918519153;
0.08945903389066406;
0.12736461101878102;
0.10359240733437984;
0.098162243945127;
0.10240140765229915;
0.1039980365147485;
0.10140922473371612;
0.11235177564622272;
0.1076702605073948;
0.09880403652322792;
0.09284146733757749;
0.11498084744912801;
0.11587778074728003;
0.12261816674000414;
0.10673929805165315;
0.10853271690833326;
0.09320568961512442;
0.10076054942576891;
0.09982809113779739;
0.11296359718627888;
0.0972198811765657;
0.09800610045552181;
0.11339565409896486;
0.09631529763889844;
0.11773274538597221;
0.13972716483529635;
0.11323973230485875;
0.11513481721523525;
0.11058089321476372;
0.09718609692287762;
0.0996185396016636;
0.09704948324839908;
0.09612481502816363;
0.10374309092589394;
0.0923769980102965;
0.09819061333741962;
0.1005017411003691;
0.0845428843259029;
0.10574760159825666;
0.12065403297065248;
0.11285493800349829;
0.0773258426882296;
0.09021007858189171;
0.10902152568375383;
0.10433315737485745;
0.10592140124679567;
0.08719435866857521;
0.10264963460705252;
0.10095459250535495;
0.11545311612780824;
0.09479539080873833;
0.09003897236188825;
0.11822370131723133;
0.08445213935593639;
0.08883175558222463;
0.1207833712124823;
0.11478292510986371;
0.11714793663709336;
0.10376948528666716;
0.0900500183167827;
0.10249572738718701;
0.09134025607041214;
0.13086125036717053;
0.10544652768263439;
0.09333864042837792;
0.0945329042507814;
0.08605315411008771;
0.104350763870655;
0.10523225888316468;
0.09656030699196669;
0.10901114525077857;
0.08759553987533718;
0.10292674851705672;
0.10174288554313181;
0.09716086200178856;
0.09717616624472984;
0.10935035204574232;
0.10768559153633728;
0.11984359866260648;
0.0983145956425761;
0.12327414236258251;
0.11001293874412206;
0.09471382548794721;
0.09457415214355248;
0.09218368995562726;
0.10536747326712588;
0.08901592461863292;
0.10155500001818493;
0.11009903399386016;
0.09633071300404243;
0.10641307270155298;
0.10029077675919415;
0.09651453161697458;
0.1035994879470426;
0.09446864286033517;
0.10644735492895196;
0.0927529338171774;
0.09672959186489347;
0.10083778108338272;
0.1068699160287053;
0.1038738907941215;
0.10217562031523594;
0.09906408338442621;
0.09730875471432036;
0.11237696655251088;
0.09263459539774069;
0.1075428452876003;
0.11084797684956312;
0.10772432612474415;
0.10634343186733085;
0.1074069207504717;
0.11382672696061158;
0.1089170210595034;
0.10558193295541493;
0.09426478128016515;
0.10529026028865537;
0.09733050232140783;
0.08578115783397407;
0.11070938433788599;
0.10968470169936899;
0.12677414504343004;
F
S
0.1586008713550969;
0.08709780912010935;
0.19015757251389132;
0.1757507674626558;
0.1787337009538011;
0.16652955417188933;
0.16252703186513554;
0.12203421424107784;
0.22137376741161208;
0.16872087776116362;
F
E
